500 500 -65535
500 500 -65535
500 500 -65535
500 500 -65535
500 500 -65535
500 500 -65535
500 500 -65535
500 500 -65535
500 500 -65535
500 500 -65535
500 500 -65535
500 500 -65535
500 500 -65535
500 500 -65535
500 500 -65535
500 500 -65535
500 500 -65535
500 500 -65535
500 500 -65535
500 500 -65535
500 500 -65535
500 500 -65535
500 500 -65535
500 500 -65535
500 500 -65535
500 500 -65535
500 500 -65535
500 500 -65535
500 500 -65535
500 500 -65535
500 500 -65535
500 500 -65535
500 500 -65535
500 500 -65535
500 500 -65535
500 500 -65535
500 500 -65535
500 500 -65535
500 500 -65535
500 500 -65535
500 500 -65535
500 500 -65535
500 500 -65535
500 500 -65535
500 500 -65535
500 500 -65535
500 500 -65535
500 500 -65535
500 500 -65535
500 500 -65535
500 500 -65535
500 500 -65535
500 500 -65535
500 500 -65535
500 500 -65535
500 500 -65535
